1 0.666667 0
11 0.181818 0.0909091
21 0.111111 0.0634921
31 0.0967742 0.0537634
41 0.0731707 0.0650406
51 0.0784314 0.0588235
61 0.0928962 0.0546448
71 0.0798122 0.0516432
81 0.0781893 0.0534979
91 0.0769231 0.0549451
101 0.0726073 0.0528053
111 0.0690691 0.0540541
121 0.0633609 0.0523416
131 0.0610687 0.0483461
141 0.0591017 0.0520095
151 0.0551876 0.0507726
161 0.0538302 0.047619
171 0.0506823 0.0448343
181 0.0497238 0.0423573
191 0.0506108 0.04363
201 0.0497512 0.0464345
211 0.0489731 0.0442338
221 0.0497738 0.0437406
231 0.0505051 0.041847
241 0.0497925 0.0414938
251 0.0504648 0.0398406
261 0.0510856 0.0395913
271 0.0492005 0.0381304
281 0.0486358 0.0391459
291 0.0515464 0.0378007
301 0.0509413 0.0398671
311 0.0525188 0.0407288
321 0.0508827 0.03946
331 0.0513595 0.0392749
341 0.0498534 0.0381232
351 0.0503324 0.0379867
361 0.0517082 0.0378578
371 0.0521114 0.0377358
381 0.0542432 0.0367454
391 0.054561 0.0358056
401 0.0540316 0.035744
411 0.05515 0.0364963
421 0.0546318 0.0364212
431 0.0541377 0.037123
441 0.0529101 0.0385488
451 0.0517369 0.0391722
461 0.0527838 0.0397686
471 0.0523708 0.0389243
481 0.0512821 0.038808
491 0.0515954 0.0386965
501 0.0518962 0.0385895
511 0.0521853 0.0378343
521 0.0511836 0.0377479
531 0.0514752 0.037037
541 0.0511399 0.0369686
551 0.0508167 0.0369026
561 0.0510992 0.0374332
571 0.0519556 0.0373614
581 0.0516351 0.037292
591 0.0507614 0.0377891
601 0.0515807 0.0382695
611 0.0518276 0.0381888
621 0.0520666 0.0381106
631 0.0533545 0.0380349
641 0.0535621 0.0379615
651 0.0542755 0.0389145
661 0.0539587 0.0393343
671 0.0536513 0.0392449
681 0.0553108 0.0396476
691 0.0554752 0.0395562
701 0.0551593 0.0394674
711 0.0543835 0.03985
721 0.0536292 0.0402219
731 0.0533516 0.0405837
741 0.0530814 0.040036
751 0.0523746 0.0403906
761 0.0530004 0.0402979
771 0.0527454 0.0402075
781 0.0529236 0.0405463
791 0.0535188 0.0404551
801 0.0532667 0.0407824
811 0.053432 0.0406905
821 0.0531872 0.0406009
831 0.0533494 0.0405134
841 0.052715 0.0408244
851 0.0524873 0.0403447
861 0.0522648 0.0406504
871 0.0524302 0.0405664
881 0.0529701 0.0404843
891 0.0527497 0.0407782
901 0.0529042 0.0403256
911 0.0530553 0.0398829
921 0.053203 0.0398118
931 0.0533477 0.0401003
941 0.053135 0.0403826
951 0.0529267 0.040659
961 0.0530697 0.0402359
971 0.0525232 0.0401648
981 0.0526673 0.0397554
991 0.0524723 0.0400269
1001 0.0529471 0.039627
1011 0.0534125 0.0395648
1021 0.0538688 0.0391773
1031 0.0539929 0.0391206
1041 0.0534742 0.0393852
1051 0.0532826 0.0396448
1061 0.0537229 0.0392711
1071 0.0535325 0.0395269
1081 0.0533457 0.039778
1091 0.0531622 0.0397189
1101 0.0529821 0.0402664
1111 0.0534053 0.039904
1121 0.0535236 0.039548
1131 0.0533451 0.0394931
1141 0.0531697 0.0391469
1151 0.0529974 0.0399652
1161 0.0531151 0.0404823
1171 0.0532309 0.0401366
1181 0.0536269 0.0397968
1191 0.0531766 0.0394626
1201 0.0530114 0.0394116
1211 0.0528489 0.0393614
1221 0.0524161 0.039858
1231 0.0525318 0.0395343
1241 0.0521085 0.0392157
1251 0.0524913 0.0391687
1261 0.0523394 0.0396511
1271 0.0521899 0.0393391
1281 0.0525631 0.0392922
1291 0.0526723 0.0392461
1301 0.0522675 0.0392006
1311 0.0523773 0.0389016
1321 0.0527378 0.0386071
1331 0.052592 0.0388179
1341 0.052697 0.0390256
1351 0.0525537 0.0394769
1361 0.0521675 0.0394318
1371 0.0527595 0.0393873
1381 0.053343 0.0395848
1391 0.0534388 0.0393003
1401 0.0532953 0.0392577
1411 0.0540987 0.0394519
1421 0.0546563 0.0391743
1431 0.0542744 0.0393664
1441 0.0543604 0.0397872
1451 0.0546749 0.0404319
1461 0.054757 0.0403833
1471 0.0543848 0.0403354
1481 0.0540176 0.0402881
1491 0.0538788 0.0406886
1501 0.0541861 0.0408616
1511 0.0538275 0.0405912
1521 0.0536927 0.0403243
1531 0.0535598 0.040061
1541 0.0536448 0.0404499
1551 0.0532989 0.040619
1561 0.053171 0.0405723
1571 0.0538935 0.040314
1581 0.0537634 0.0402699
1591 0.053635 0.0404358
1601 0.0533 0.0405996
1611 0.0535899 0.0405545
1621 0.0534649 0.04051
1631 0.0535459 0.0402616
1641 0.0534227 0.0404225
1651 0.053301 0.0403796
1661 0.0531808 0.0405378
1671 0.053062 0.0404947
1681 0.0527464 0.0402538
1691 0.0526316 0.0400158
1701 0.0525181 0.0399765
1711 0.0526008 0.0403273
1721 0.0526825 0.0410614
1731 0.0523782 0.0410168
1741 0.0522688 0.0407812
1751 0.0525414 0.0405483
1761 0.052243 0.040318
1771 0.0521363 0.040655
1781 0.0518435 0.0404267
1791 0.0515541 0.0407594
1801 0.0514529 0.0409032
1811 0.051721 0.0408614
1821 0.05162 0.0411862
1831 0.0513381 0.0411433
1841 0.0512403 0.0412819
1851 0.0511435 0.0410589
1861 0.0510478 0.0411965
1871 0.0513095 0.0409763
1881 0.0517455 0.0411129
1891 0.052177 0.0408955
1901 0.0522532 0.0406803
1911 0.0519798 0.0406419
1921 0.0520562 0.0409509
1931 0.0517866 0.0409114
1941 0.0515198 0.0410441
1951 0.0512558 0.0413463
1961 0.0509944 0.0413055
1971 0.0510739 0.041265
1981 0.0511526 0.0413932
1991 0.0508957 0.0413528
2001 0.0508079 0.0411461
2011 0.0512183 0.0411072
2021 0.0511298 0.0412337
2031 0.0512063 0.0410307
2041 0.0511187 0.040993
2051 0.0511945 0.0411182
2061 0.0512696 0.0409186
2071 0.0515049 0.0412039
2081 0.0512574 0.0410059
2091 0.0510123 0.0409692
2101 0.0515627 0.0410915
2111 0.0519501 0.0410548
2121 0.0520195 0.0413327
2131 0.0519318 0.0412952
2141 0.0521563 0.0415694
2151 0.0522238 0.0415311
2161 0.0522906 0.0416474
2171 0.0525104 0.0417626
2181 0.0524224 0.0415711
2191 0.0523353 0.0413814
2201 0.0525519 0.0411934
2211 0.0524649 0.0414594
2221 0.052679 0.0412727
2231 0.0530405 0.0412371
2241 0.0528038 0.0410531
2251 0.0530135 0.0411669
2261 0.0529264 0.0411322
2271 0.0528402 0.0413915
2281 0.0527546 0.04121
2291 0.0529609 0.0414666
2301 0.0530204 0.0414313
2311 0.052791 0.041252
2321 0.0528508 0.0415051
2331 0.0526241 0.041756
2341 0.052684 0.0418625
2351 0.0527435 0.041968
2361 0.0528025 0.0422138
2371 0.052861 0.0424575
2381 0.0527789 0.0426991
2391 0.0525582 0.04266
2401 0.0523393 0.0428988
2411 0.0522605 0.0431356
2421 0.0521823 0.0432328
2431 0.0519676 0.0433292
2441 0.0521644 0.0435614
2451 0.0522236 0.0436557
2461 0.0521468 0.0437492
2471 0.0519358 0.043707
2481 0.0519952 0.0437995
2491 0.0519202 0.0436237
2501 0.0517126 0.0434493
2511 0.0516395 0.043409
2521 0.0518313 0.0432368
2531 0.0518899 0.043066
2541 0.0518169 0.0430277
2551 0.0518751 0.042859
2561 0.0519328 0.0426917
2571 0.0519901 0.0426553
2581 0.052047 0.04249
2591 0.0521034 0.0424546
2601 0.0520313 0.0426759
2611 0.051832 0.0430231
2621 0.0517614 0.0429861
2631 0.0519448 0.0428228
2641 0.0520005 0.0427868
2651 0.0519301 0.0428769
2661 0.0521107 0.042841
2671 0.0519156 0.0428054
2681 0.052095 0.0431431
2691 0.0520253 0.0432305
2701 0.0519561 0.0433173
2711 0.0521333 0.0432805
2721 0.0523092 0.0432439
2731 0.0521177 0.0433297
2741 0.0520491 0.0435364
2751 0.0518599 0.0434993
2761 0.0517928 0.0434625
2771 0.0517262 0.043426
2781 0.0516601 0.0436294
2791 0.0515944 0.0434731
2801 0.0514102 0.0435559
2811 0.0515831 0.0435195
2821 0.0516365 0.0434834
2831 0.0515719 0.0439185
2841 0.051625 0.0439986
2851 0.0517947 0.044195
2861 0.0517302 0.0442736
2871 0.05155 0.0441194
2881 0.0517182 0.0443133
2891 0.0515393 0.04416
2901 0.0514765 0.0442376
2911 0.0515287 0.0442002
2921 0.0515805 0.0443912
2931 0.0514045 0.0443535
2941 0.0517964 0.044656
2951 0.0517339 0.0447306
2961 0.0518969 0.0449173
2971 0.0518344 0.0448783
2981 0.0518842 0.0448395
2991 0.0517107 0.0449125
3001 0.0517605 0.0447629
3011 0.0516993 0.0446142
3021 0.0515282 0.0446872
3031 0.0514682 0.0446497
3041 0.0512989 0.0451606
3051 0.0513493 0.0452311
3061 0.0512904 0.0450833
3071 0.051449 0.0449365
3081 0.0513902 0.045007
3091 0.0514397 0.0448614
3101 0.0513813 0.0449317
3111 0.0512161 0.0450016
3121 0.0511588 0.0451778
3131 0.0511019 0.04514
3141 0.0509392 0.0453147
3151 0.0507775 0.0454882
3161 0.0509332 0.0454498
3171 0.0508777 0.0454115
3181 0.0508226 0.0452688
3191 0.0508722 0.0452314
3201 0.0509216 0.0454025
3211 0.0508668 0.0452611
3221 0.0508124 0.0452241
3231 0.0509646 0.0453936
3241 0.0508074 0.0454592
3251 0.0509587 0.0455245
3261 0.0510068 0.0455893
3271 0.0509528 0.0454499
3281 0.0510007 0.0453114
3291 0.0512509 0.045275
3301 0.0512976 0.0452388
3311 0.051344 0.0452029
3321 0.0513901 0.0451671
3331 0.0512359 0.0450315
3341 0.0510825 0.0448967
3351 0.0510295 0.0449617
3361 0.0509769 0.0451255
3371 0.0509246 0.0449916
3381 0.0508725 0.0449571
3391 0.0507225 0.0448245
3401 0.0508674 0.0447907
3411 0.050816 0.0446594
3421 0.0508623 0.0445289
3431 0.0509084 0.0445934
3441 0.0508573 0.0444638
3451 0.0509031 0.044335
3461 0.050756 0.0442069
3471 0.0508979 0.0444636
3481 0.0508475 0.0444317
3491 0.0509883 0.0443999
3501 0.0509378 0.0444635
3511 0.0507927 0.0443368
3521 0.0507432 0.0444949
3531 0.0507883 0.0444633
3541 0.0510214 0.0444319
3551 0.0508777 0.0444945
3561 0.0508284 0.0445568
3571 0.0509661 0.044432
3581 0.0509169 0.0443079
3591 0.0510536 0.0442774
3601 0.0511895 0.044247
3611 0.0512323 0.0442167
3621 0.0511829 0.0440946
3631 0.0511338 0.0441568
3641 0.0510849 0.0440355
3651 0.0511275 0.0440062
3661 0.051261 0.043886
3671 0.0512122 0.0438573
3681 0.0511636 0.0438287
3691 0.0512056 0.0438905
3701 0.0513375 0.0439521
3711 0.051289 0.0439235
3721 0.0513303 0.043895
3731 0.051282 0.0441347
3741 0.0512341 0.044195
3751 0.0510975 0.044166
3761 0.0514048 0.0441372
3771 0.0512685 0.0441969
3781 0.051221 0.0442564
3791 0.0511738 0.0444034
3801 0.0512146 0.044462
3811 0.0511677 0.0446077
3821 0.051121 0.0446654
3831 0.0511616 0.0447229
3841 0.0510284 0.04478
3851 0.0509824 0.0447503
3861 0.0510231 0.0448934
3871 0.0509774 0.0449496
3881 0.0509319 0.0450056
3891 0.050801 0.0448899
3901 0.0508417 0.0449457
3911 0.0507969 0.0450865
3921 0.0509224 0.0450565
3931 0.0507928 0.0450267
3941 0.0507485 0.044997
3951 0.0506201 0.0450519
3961 0.0504923 0.0451065
3971 0.050617 0.0449929
3981 0.0506573 0.0450473
3991 0.0506974 0.0451015
4001 0.050654 0.0450721
4011 0.0505277 0.045209
4021 0.050485 0.0451795
4031 0.0503597 0.0453155
4041 0.050565 0.0452858
4051 0.0508516 0.045174
4061 0.0508906 0.0450628
4071 0.0508475 0.0451159
4081 0.0508862 0.0450053
4091 0.0508433 0.0451397
4101 0.0508819 0.0451109
4111 0.0509203 0.0450012
4121 0.0508776 0.0449729
4131 0.0510772 0.0449447
4141 0.0509539 0.0450777
4151 0.0509917 0.0451297
4161 0.0511095 0.0450212
4171 0.0513066 0.0449932
4181 0.0511839 0.0452045
4191 0.0511413 0.0452557
4201 0.0510196 0.045148
4211 0.0510568 0.0452782
4221 0.0510937 0.045171
4231 0.0511305 0.045143
4241 0.0510886 0.0451937
4251 0.0511252 0.0451658
4261 0.0510052 0.0451381
4271 0.0509639 0.0451104
4281 0.0509227 0.0452386
4291 0.0510371 0.0451332
4301 0.0509184 0.0451058
4311 0.0510322 0.0450785
4321 0.0510684 0.0449742
4331 0.0510275 0.0449473
4341 0.0510635 0.0449205
4351 0.0510228 0.0448173
4361 0.0509822 0.0448674
4371 0.0510943 0.0447647
4381 0.0509777 0.0447386
4391 0.0509375 0.0446368
4401 0.0509733 0.0446111
4411 0.0508577 0.0447366
4421 0.0507427 0.0447108
4431 0.0506282 0.0446099
4441 0.0506643 0.0446596
4451 0.0506253 0.0447091
4461 0.050736 0.0446836
4471 0.0506225 0.0447327
4481 0.0507327 0.0446329
4491 0.0506198 0.044682
4501 0.0505814 0.0447308
4511 0.0505431 0.0447055
4521 0.050505 0.0448278
4531 0.0503936 0.0447289
4541 0.0502826 0.044924
4551 0.0503186 0.0451183
4561 0.0503545 0.0450925
4571 0.0503901 0.0450667
4581 0.0503529 0.0452594
4591 0.0503158 0.045306
4601 0.0504963 0.0453525
4611 0.050459 0.0453987
4621 0.050422 0.0454447
4631 0.0504571 0.0455625
4641 0.0504202 0.0454643
4651 0.0505268 0.0454383
4661 0.0506329 0.0454838
4671 0.0506672 0.0453864
4681 0.0506302 0.0452895
4691 0.0505223 0.0454061
4701 0.0504857 0.0453095
4711 0.0503785 0.0453548
4721 0.0503424 0.0453294
4731 0.0503769 0.045304
4741 0.0504113 0.0454194
4751 0.0503052 0.0455343
4761 0.0501995 0.0456487
4771 0.0503738 0.0456927
4781 0.0503381 0.0456669
4791 0.0502331 0.0455716
4801 0.0501979 0.0454766
4811 0.0500935 0.0454514
4821 0.0501279 0.0454954
4831 0.0500931 0.0456082
4841 0.0502651 0.0455829
4851 0.0502989 0.045695
4861 0.0501954 0.0457382
4871 0.0502977 0.0457127
4881 0.0502629 0.0457557
4891 0.0502283 0.0457984
4901 0.0502619 0.045909
4911 0.0503631 0.0460191
4921 0.0502608 0.0461288
4931 0.0502941 0.0461029
4941 0.0501923 0.046077
4951 0.0502255 0.0460513
4961 0.0503259 0.0460257
4971 0.0502917 0.0460672
4981 0.0501907 0.0461085
4991 0.0501569 0.0464169
5001 0.0500567 0.0463907
5011 0.0500233 0.0462981
5021 0.0500564 0.0463387
5031